1
//Name
"Swords"
"Axes"
"Maces"
"Spears"
"Bows"
"Stafs"
"Shields"
"Helm"
"Armor"
"Pants"
"Gloves"
"Boots"
"Misc1"
"Misc2"
"Misc3"
"Scrolls"
end
2
//
0	0	0	0	6	11	0	1	1	1	1	1	1	1	560	840	1050	1400	"Kris"
0	1	0	0	3	7	0	1	1	1	1	1	1	1	320	480	600	800	"Short Sword"
0	2	0	0	9	15	0	0	1	1	1	1	1	0	840	1260	1575	2100	"Rapier"
0	3	1	0	16	26	0	0	1	0	1	1	0	0	1480	2220	2775	3700	"Katache"
0	4	1	0	12	18	0	0	1	0	1	1	0	0	1080	1620	2025	2700	"Scimitar"
0	5	1	0	36	47	0	1	1	1	1	1	0	0	3080	4620	5775	7700	"Blade"
0	6	1	0	20	30	0	0	1	1	1	1	0	0	1800	2700	3375	4500	"Gladius"
0	7	1	0	24	34	0	0	1	0	1	1	0	0	2120	3180	3975	5300	"Falchion"
0	8	1	0	30	40	0	0	1	0	1	1	0	0	2600	3900	4875	6500	"Serpent Sword"
0	9	1	0	32	46	0	0	1	0	1	0	0	0	2840	4260	5325	7100	"Sword of Salamander"
0	10	1	0	47	61	0	0	1	1	1	0	0	0	3760	5640	7050	9400	"Light Saber"
0	11	1	0	56	72	0	0	1	0	1	0	0	0	4320	6480	8100	10800	"Legendary Sword"
0	12	1	0	73	98	0	0	1	0	1	0	0	0	5640	8460	10575	14100	"Heliacal Sword"
0	13	1	0	48	56	0	0	1	1	1	0	0	0	4000	6000	7500	10000	"Double Blade"
0	14	1	0	59	67	0	0	1	1	1	0	0	0	4880	7320	9150	12200	"Lighting Sword"
0	15	1	0	60	85	0	0	1	0	1	0	0	0	4960	7440	9300	12400	"Giant Sword"
0	16	1	0	82	90	0	0	1	0	1	0	0	0	6720	10080	12600	16800	"Sword of Destruction"
0	17	1	0	128	153	0	0	2	0	0	0	0	0	9760	14640	18300	24400	"Dark Breaker"
0	18	1	0	140	168	0	0	0	0	1	0	0	0	10360	15540	19425	25900	"Thunder Blade"
0	19	1	0	120	130	0	0	1	0	1	1	0	0	8440	12660	15825	21100	"Divine Sword of Archangel"
0	20	1	0	107	115	0	0	2	0	0	0	0	0	10040	15060	18825	25100	"Knight Blade"
0	21	1	0	115	142	115	0	0	0	1	0	0	0	10766	16149	20186	26915	"Dark Reign Blade"
0	22	1	0	122	135	0	0	2	0	0	0	0	0	11000	16500	20625	27500	"Bone Blade"
0	23	1	0	127	155	134	0	0	0	1	0	0	0	11574	17360	21700	28934	"Explosion Blade"
0	24	1	0	182	218	0	0	2	0	0	0	0	0	12600	18900	23625	31500	"Daybreak"
0	25	1	0	109	136	108	0	0	0	1	0	0	0	9523	14285	17856	23808	"Sword Dancer"
0	26	1	0	115	126	0	0	2	0	0	0	0	0	10280	15420	19275	25700	"Flamberge"
0	27	1	0	91	99	0	0	2	0	0	0	0	0	9120	13680	17100	22800	"Sword Bracker"
0	28	1	0	98	122	109	0	0	0	1	0	0	0	10004	15005	18757	25009	"Imperial Sword"
0	31	1	0	104	130	104	0	0	0	1	0	0	0	8722	13082	16353	21804	"Rune Blade"
0	32	1	0	52	58	0	0	0	0	0	0	0	1	4280	6420	8025	10700	"Sacred Glove"
0	33	1	0	82	88	0	0	0	0	0	0	0	1	6680	10020	12525	16700	"Storm Hard Glove"
0	34	1	0	95	101	0	0	0	0	0	0	0	1	8120	12180	15225	20300	"Piercing Blade Glove"
0	35	1	0	122	128	0	0	0	0	0	0	0	1	10880	16320	20400	27200	"Phoenix Soul Star"
1	0	0	0	1	6	0	1	1	1	1	1	1	1	160	240	300	400	"Small Axe"
1	1	0	0	4	9	0	1	1	1	1	1	1	1	400	600	750	1000	"Hand Axe"
1	2	1	0	14	24	0	0	1	0	1	1	0	0	1320	1980	2475	3300	"Double Axe"
1	3	1	0	18	28	0	0	1	0	1	1	0	1	1640	2460	3075	4100	"Tomahawk"
1	4	0	0	26	38	0	1	0	1	1	0	1	0	2320	3480	4350	5800	"Elven Axe"
1	5	1	0	36	44	0	0	1	1	1	0	0	0	2800	4200	5250	7000	"Battle Axe"
1	6	1	0	38	50	0	0	1	1	1	0	0	0	3120	4680	5850	7800	"Nikkea Axe"
1	7	1	0	54	67	0	0	1	0	1	0	0	0	4240	6360	7950	10600	"Larkan Axe"
1	8	1	0	69	89	0	1	1	0	1	0	0	0	5320	7980	9975	13300	"Crescent Axe"
2	0	0	0	7	13	0	0	1	0	1	1	0	1	680	1020	1275	1700	"Mace"
2	1	1	0	13	22	0	0	1	0	1	1	0	1	1200	1800	2250	3000	"Morning Star"
2	2	0	0	22	32	0	0	1	0	1	1	0	1	1960	2940	3675	4900	"Flail"
2	3	1	0	45	56	0	0	1	0	1	0	0	1	3520	5280	6600	8800	"Great Hammer"
2	4	1	0	78	107	0	1	1	1	1	0	0	1	6320	9480	11850	15800	"Crystal Morning Star"
2	5	1	0	89	120	0	1	1	1	1	0	0	0	7040	10560	13200	17600	"Crystal Sword"
2	6	1	0	102	130	0	0	1	0	1	0	0	0	7640	11460	14325	19100	"Chaos Dragon Axe"
2	7	0	0	62	80	0	0	0	2	0	0	0	0	6440	9660	12075	16100	"Elemental Mace"
2	8	1	0	41	52	3	0	0	0	0	1	0	0	4001	6002	7502	10003	"Battle Scepter"
2	9	1	0	57	68	20	0	0	0	0	1	0	0	5368	8052	10065	13420	"Master Scepter"
2	10	1	0	74	85	35	0	0	0	0	1	0	0	6454	9681	12101	16135	"Great Scepter"
2	11	1	0	91	102	52	0	0	0	0	1	0	0	7781	11671	14589	19452	"Lord Scepter"
2	12	1	0	108	120	67	0	0	0	0	1	0	0	10187	15280	19100	25467	"Great Lord Scepter"
2	13	1	0	120	143	78	0	0	0	0	1	0	0	11271	16907	21134	28178	"Divine Scepter of Archangel"
2	14	1	0	130	153	84	0	0	0	0	1	0	0	11514	17270	21588	28784	"Solay Scepter"
2	15	1	0	99	111	60	0	0	0	0	1	0	0	8624	12936	16170	21560	"Shining Scepter"
2	16	0	0	106	146	0	0	0	2	0	0	0	0	9880	14820	18525	24700	"Frost mace"
2	17	1	0	114	132	72	0	0	0	0	1	0	0	10349	15523	19404	25872	"Absolute Scepter"
2	18	1	0	112	124	70	0	0	0	0	1	0	0	10628	15942	19928	26570	"Stryker Scepter"
3	0	1	0	50	63	0	0	1	1	1	0	0	0	3920	5880	7350	9800	"Light Spear"
3	1	0	0	30	41	0	0	1	1	1	0	0	0	2320	3480	4350	5800	"Spear"
3	2	0	0	21	33	0	0	1	1	1	0	0	0	1680	2520	3150	4200	"Dragon Lance"
3	3	0	0	35	43	0	0	1	1	1	0	0	0	2720	4080	5100	6800	"Giant Trident"
3	4	1	0	58	80	0	0	1	1	1	0	0	0	4600	6900	8625	11500	"Serpent Spear"
3	5	0	0	19	31	0	0	1	1	1	0	0	0	1520	2280	2850	3800	"Double Poleaxe"
3	6	0	0	25	35	0	0	1	1	1	0	0	0	1960	2940	3675	4900	"Halberd"
3	7	1	0	42	54	0	0	1	1	1	0	0	0	3400	5100	6375	8500	"Berdysh"
3	8	1	0	71	92	0	0	1	1	1	0	0	0	5400	8100	10125	13500	"Great Scythe"
3	9	1	0	76	102	0	0	1	1	1	0	0	0	6080	9120	11400	15200	"Bill of Balrog"
3	10	1	0	112	140	0	0	2	0	0	0	0	0	8720	13080	16350	21800	"Dragon Spear"
3	11	1	0	190	226	0	0	2	0	1	0	0	0	14200	21300	26625	35500	"Beuroba"
4	0	1	0	3	5	0	0	0	1	0	0	0	0	240	360	450	600	"Short Bow"
4	1	1	0	9	13	0	0	0	1	0	0	0	0	760	1140	1425	1900	"Bow"
4	2	1	0	17	24	0	0	0	1	0	0	0	0	1440	2160	2700	3600	"Elven Bow"
4	3	1	0	28	37	0	0	0	1	0	0	0	0	2320	3480	4350	5800	"Battle Bow"
4	4	1	0	42	52	0	0	0	1	0	0	0	0	3480	5220	6525	8700	"Tiger Bow"
4	5	1	0	59	71	0	0	0	1	0	0	0	0	4840	7260	9075	12100	"Silver Bow"
4	6	1	0	88	106	0	0	0	1	0	0	0	0	6880	10320	12900	17200	"Chaos Nature Bow"
4	8	1	0	5	8	0	0	0	1	0	0	0	0	400	600	750	1000	"Crossbow"
4	9	1	0	13	19	0	0	0	1	0	0	0	0	1120	1680	2100	2800	"Golden Crossbow"
4	10	1	0	22	30	0	0	0	1	0	0	0	0	1840	2760	3450	4600	"Arquebus"
4	11	1	0	35	44	0	0	0	1	0	0	0	0	2840	4260	5325	7100	"Light Crossbow"
4	12	1	0	50	61	0	0	0	1	0	0	0	0	4120	6180	7725	10300	"Serpent Crossbow"
4	13	1	0	68	82	0	0	0	1	0	0	0	0	5720	8580	10725	14300	"Bluewing Crossbow"
4	14	1	0	78	92	0	0	0	1	0	0	0	0	6280	9420	11775	15700	"Aquagold Crossbow"
4	16	1	0	102	127	0	0	0	1	0	0	0	0	7920	11880	14850	19800	"Saint Crossbow"
4	17	1	0	127	155	0	0	0	2	0	0	0	0	9320	13980	17475	23300	"Celestial Bow"
4	18	1	0	144	166	0	0	0	1	0	0	0	0	10200	15300	19125	25500	"Divine CB of Archangel"
4	19	1	0	150	172	0	0	0	2	0	0	0	0	10440	15660	19575	26100	"Great Reign Crossbow"
4	20	1	0	166	190	0	0	0	2	0	0	0	0	12520	18780	23475	31300	"Arrow Viper Bow"
4	21	1	0	177	200	0	0	0	2	0	0	0	0	13400	20100	25125	33500	"Sylph Wind Bow"
4	22	1	0	155	177	0	0	0	2	0	0	0	0	11040	16560	20700	27600	"Albatross Bow"
4	23	1	0	162	184	0	0	0	2	0	0	0	0	12280	18420	23025	30700	"Stinger Bow"
4	24	1	0	170	194	0	0	0	2	0	0	0	0	13160	19740	24675	32900	"Air Lyn Bow"
5	0	0	0	3	4	6	1	0	0	1	0	1	0	362	544	680	906	"Skull Staff"
5	1	0	0	10	12	20	1	0	0	1	0	0	0	1168	1752	2190	2920	"Angelic Staff"
5	2	0	0	17	18	34	1	0	0	1	0	0	0	1894	2840	3550	4734	"Serpent Staff"
5	3	0	0	23	25	46	1	0	0	1	0	0	0	2658	3988	4984	6646	"Thunder Staff"
5	4	0	0	29	32	58	1	0	0	1	0	0	0	3303	4955	6194	8258	"Gorgon Staff"
5	5	0	0	29	31	59	1	0	0	1	0	0	0	3584	5375	6719	8959	"Legendary Staff"
5	6	0	0	35	39	70	1	0	0	1	0	0	0	4308	6462	8078	10770	"Staff of Resurrection"
5	7	0	0	47	48	94	1	0	0	1	0	0	0	4918	7376	9220	12294	"Chaos Lighting Staff"
5	8	0	0	50	54	101	1	0	0	1	0	0	0	5720	8581	10726	14301	"Staff of Destruction"
5	9	0	0	46	48	92	2	0	0	0	0	0	0	5917	8875	11094	14792	"Dragon Soul Staff"
5	10	0	0	53	55	106	1	0	0	1	0	0	0	6362	9544	11930	15906	"Divine Staff of Archangel"
5	11	0	0	55	61	110	2	0	0	1	0	0	0	7964	11946	14932	19910	"Staff of Kundun"
5	12	0	0	66	74	130	2	0	0	0	0	0	0	8732	13098	16372	21830	"Grand Viper Staff"
5	13	0	0	51	53	120	2	0	0	0	0	0	0	6528	9792	12240	16320	"Platina Staff"
5	14	0	0	17	18	34	0	0	0	0	0	1	0	1814	2720	3400	4534	"Mistery Staff"
5	15	0	0	23	25	46	0	0	0	0	0	1	0	2658	3988	4984	6646	"Violent Wind Staff"
5	16	0	0	29	31	59	0	0	0	0	0	1	0	3584	5375	6719	8959	"Red Wing Staff"
5	17	0	0	38	40	76	0	0	0	0	0	1	0	4710	7066	8832	11776	"Ancient Staff"
5	18	0	0	46	48	92	0	0	0	0	0	2	0	5917	8875	11094	14792	"Black Rose Staff"
5	19	0	0	51	53	110	0	0	0	0	0	2	0	6524	9786	12232	16310	"Aura Staff"
5	20	0	0	56	58	113	0	0	0	0	0	2	0	7525	11288	14110	18813	"Lilium Staff"
5	21	1	0	0	0	46	0	0	0	0	0	1	0	2098	3148	3934	5246	"Book of Sahamutt"
5	22	1	0	0	0	59	0	0	0	0	0	1	0	2384	3575	4469	5959	"Book of Neil"
5	23	1	0	0	0	72	0	0	0	0	0	1	0	2629	3943	4929	6572	"Book of Ghost Phantom"
5	30	0	0	57	59	126	0	0	0	1	0	0	0	7890	11836	14794	19726	"Deadly Staff"
5	31	0	0	57	61	124	2	0	0	0	0	0	0	7890	11834	14793	19724	"Imperial Staff"
5	32	0	0	70	80	135	0	0	0	0	0	3	0	8254	12381	15476	20635	"Merlin Staff"
5	33	0	0	55	57	124	2	0	0	1	0	0	0	8170	12254	15318	20424	"Chroma ticks staff"
5	34	0	0	70	78	130	0	0	0	0	0	2	0	8892	13338	16672	22230	"Raven Stick"
5	36	0	0	153	165	146	0	0	0	0	1	0	0	10578	15868	19834	26446	"Divine Stick of Archangel"
6	0	0	1	0	0	0	1	1	1	1	1	0	0	160	240	300	400	"Small Shield"
6	1	0	3	0	0	0	0	1	0	1	1	0	0	480	720	900	1200	"Horn Shield"
6	2	0	4	0	0	0	0	1	0	1	1	0	0	640	960	1200	1600	"Kite Shield"
6	3	0	8	0	0	0	0	0	1	0	0	0	0	1160	1740	2175	2900	"Elven Shield"
6	4	1	2	0	0	0	1	1	1	1	1	0	0	320	480	600	800	"Buckler"
6	5	1	10	0	0	0	0	1	0	1	1	0	0	1800	2700	3375	4500	"Dragon Slayer Shield"
6	6	1	5	0	0	0	1	1	1	1	1	0	0	800	1200	1500	2000	"Skull Shield"
6	7	1	9	0	0	0	0	1	0	1	1	0	0	1560	2340	2925	3900	"Spiked Shield"
6	8	1	11	0	0	0	0	1	1	1	1	0	0	2040	3060	3825	5100	"Tower Shield"
6	9	1	8	0	0	0	0	1	0	1	1	0	0	1320	1980	2475	3300	"Iron Shield"
6	10	1	6	0	0	0	0	1	0	1	1	0	0	960	1440	1800	2400	"Big Round Shield"
6	11	1	12	0	0	0	0	1	1	1	1	0	0	2280	3420	4275	5700	"Serpent Shield"
6	12	1	13	0	0	0	0	1	0	1	0	0	0	2680	4020	5025	6700	"Bronze Shield"
6	13	1	14	0	0	0	0	1	0	1	0	0	0	2960	4440	5550	7400	"Chaos Shield"
6	14	0	7	0	0	0	1	0	1	1	0	0	0	2200	3300	4125	5500	"Legendary Shield"
6	15	0	12	0	0	0	2	0	0	0	0	0	0	3440	5160	6450	8600	"Grand Soul Shield"
6	16	0	11	0	0	0	0	0	2	0	0	0	0	3080	4620	5775	7700	"Elemental Shield"
6	17	1	19	0	0	0	0	2	0	0	0	0	0	4920	7380	9225	12300	"CrimsonGlory"
6	18	1	20	0	0	0	0	0	0	1	0	0	0	4880	7320	9150	12200	"Salamander Shield"
6	19	0	14	0	0	0	0	0	2	0	0	0	0	4520	6780	8475	11300	"Frost Barrier"
6	20	1	12	0	0	0	2	0	0	0	0	0	0	4720	7080	8850	11800	"Guardian Shiled"
6	21	1	16	0	0	0	0	0	0	0	1	0	0	3440	5160	6450	8600	"Cross Shield"
7	0	0	9	0	0	0	0	1	0	0	1	0	0	1000	1500	1875	2500	"Bronze Helm"
7	1	0	24	0	0	0	0	1	0	0	0	0	0	3240	4860	6075	8100	"Dragon Helm"
7	2	0	4	0	0	0	1	0	0	0	0	0	0	360	540	675	900	"Pad Helm"
7	3	0	18	0	0	0	1	0	0	0	0	0	0	2720	4080	5100	6800	"Legendary Helm"
7	4	0	9	0	0	0	1	0	0	0	0	0	0	1080	1620	2025	2700	"Bone Helm"
7	5	0	5	0	0	0	0	1	0	0	1	0	1	440	660	825	1100	"Leather Helm"
7	6	0	12	0	0	0	0	1	0	0	1	0	1	1520	2280	2850	3800	"Scale Helm"
7	7	0	13	0	0	0	1	0	0	0	0	0	0	1800	2700	3375	4500	"Sphinx Mask"
7	8	0	17	0	0	0	0	1	0	0	0	0	1	2120	3180	3975	5300	"Brass Helm"
7	9	0	20	0	0	0	0	1	0	0	0	0	1	2640	3960	4950	6600	"Plate Helm"
7	10	0	4	0	0	0	0	0	1	0	0	0	0	400	600	750	1000	"Vine Helm"
7	11	0	8	0	0	0	0	0	1	0	0	0	0	960	1440	1800	2400	"Silk Helm"
7	12	0	12	0	0	0	0	0	1	0	0	0	0	1600	2400	3000	4000	"Wind Helm"
7	13	0	16	0	0	0	0	0	1	0	0	0	0	2240	3360	4200	5600	"Spirit Helm"
7	14	0	23	0	0	0	0	0	1	0	0	0	0	3040	4560	5700	7600	"Guardian Helm"
7	16	0	30	0	0	0	0	1	0	0	0	0	0	4480	6720	8400	11200	"Black Dragon Helm"
7	17	0	43	0	0	0	0	2	0	0	0	0	0	5400	8100	10125	13500	"Dark Phoenix Helm"
7	18	0	27	0	0	0	2	0	0	0	0	0	0	4320	6480	8100	10800	"Grand Soul Helm"
7	19	0	37	0	0	0	0	0	2	0	0	0	0	4880	7320	9150	12200	"Divine Helm"
7	21	0	53	0	0	0	0	2	0	0	0	0	0	6280	9420	11775	15700	"Great Dragon Helm"
7	22	0	36	0	0	0	2	0	0	0	0	0	0	5840	8760	10950	14600	"Dark Soul Helm"
7	24	0	46	0	0	0	0	0	2	0	0	0	0	5560	8340	10425	13900	"Red Spirit Helm"
7	25	0	20	0	0	0	0	0	0	0	1	0	0	2640	3960	4950	6600	"Light Plate Mask"
7	26	0	24	0	0	0	0	0	0	0	1	0	0	3600	5400	6750	9000	"Adamantine Mask"
7	27	0	26	0	0	0	0	0	0	0	1	0	0	4480	6720	8400	11200	"Dark Steel Mask"
7	28	0	34	0	0	0	0	0	0	0	1	0	0	5600	8400	10500	14000	"Dark Master Mask"
7	29	0	66	0	0	0	0	2	0	0	0	0	0	7840	11760	14700	19600	"Dragon Knight Helm"
7	30	0	48	0	0	0	2	0	0	0	0	0	0	6960	10440	13050	17400	"Venom Mist Helm"
7	31	0	57	0	0	0	0	0	2	0	0	0	0	7320	10980	13725	18300	"Sylphid Ray Helm"
7	33	0	46	0	0	0	0	0	0	0	1	0	0	7040	10560	13200	17600	"Sunlight Mask"
7	34	0	27	0	0	0	0	1	0	0	0	0	0	3760	5640	7050	9400	"Ashcrow Helm"
7	35	0	22	0	0	0	1	0	0	0	0	0	0	3560	5340	6675	8900	"Eclipse Helm"
7	36	0	30	0	0	0	0	0	1	0	0	0	0	3880	5820	7275	9700	"Iris Helm"
7	38	0	30	0	0	0	0	0	0	0	1	0	0	5080	7620	9525	12700	"Glorious Mask"
7	39	0	13	0	0	0	0	0	0	0	0	1	0	1640	2460	3075	4100	"Mistery Helm"
7	40	0	18	0	0	0	0	0	0	0	0	1	0	2720	4080	5100	6800	"Red Wing Helm"
7	41	0	24	0	0	0	0	0	0	0	0	1	0	3680	5520	6900	9200	"Ancient Helm"
7	42	0	32	0	0	0	0	0	0	0	0	2	0	4520	6780	8475	11300	"Black Rose Helm"
7	43	0	43	0	0	0	0	0	0	0	0	2	0	6120	9180	11475	15300	"Aura Helm"
7	44	0	50	0	0	0	0	0	0	0	0	2	0	6400	9600	12000	16000	"Lilium Helm"
7	45	0	63	0	0	0	0	1	0	0	0	0	0	6960	10440	13050	17400	"Titan Helm"
7	46	0	51	0	0	0	0	1	0	0	0	0	0	6320	9480	11850	15800	"Brave Helm"
7	49	0	50	0	0	0	0	0	1	0	0	0	0	6440	9660	12075	16100	"Seraphim Helm"
7	50	0	44	0	0	0	0	0	1	0	0	0	0	5920	8880	11100	14800	"Faith Helm"
7	51	0	44	0	0	0	0	0	0	0	1	0	0	6200	9300	11625	15500	"Paewang Mask"
7	52	0	41	0	0	0	1	0	0	0	0	0	0	6000	9000	11250	15000	"Hades Helm"
7	53	0	80	0	0	0	0	0	0	0	0	3	0	7680	11520	14400	19200	"Queen Helm"
7	59	0	24	0	0	0	0	0	0	0	0	0	1	3120	4680	5850	7800	"Sacred Helm"
7	60	0	32	0	0	0	0	0	0	0	0	0	1	4080	6120	7650	10200	"Storm Hard Helm"
7	61	0	45	0	0	0	0	0	0	0	0	0	1	5400	8100	10125	13500	"Piercing Helm"
7	62	0	16	0	0	0	0	1	0	0	1	0	1	1680	2520	3150	4200	"Scale Helm"
7	63	0	11	0	0	0	0	0	1	0	0	0	0	1080	1620	2025	2700	"Silk Helm"
7	64	0	17	0	0	0	1	0	0	0	0	0	0	1960	2940	3675	4900	"Sphinx Helm"
7	65	0	17	0	0	0	0	0	0	0	0	1	0	1800	2700	3375	4500	"Wind Helm"
7	66	0	29	0	0	0	0	0	0	0	1	0	0	3800	5700	7125	9500	"Dark Soul Helm"
7	67	0	29	0	0	0	0	1	0	0	0	0	0	3440	5160	6450	8600	"Dragon Helm"
7	68	0	28	0	0	0	0	0	1	0	0	0	0	3240	4860	6075	8100	"SU Helm"
7	69	0	23	0	0	0	1	0	0	0	0	0	0	2920	4380	5475	7300	"Legendary Helm"
7	70	0	20	0	0	0	0	0	0	0	0	1	0	2800	4200	5250	7000	"Red Wing Helm"
7	72	0	32	0	0	0	0	0	0	0	0	0	1	4080	6120	7650	10200	"Storm Hard Helm"
7	73	0	60	0	0	0	0	0	0	0	0	0	1	7520	11280	14100	18800	"Phoenix Soul Helmet"
8	0	0	14	0	0	0	0	1	0	1	1	0	0	1280	1920	2400	3200	"Bronze Armor"
8	1	0	37	0	0	0	0	1	0	1	0	0	0	3840	5760	7200	9600	"Dragon Armor"
8	2	0	7	0	0	0	1	0	0	1	0	0	0	680	1020	1275	1700	"Pad Armor"
8	3	0	22	0	0	0	1	0	0	1	0	0	0	3120	4680	5850	7800	"Legendary Armor"
8	4	0	13	0	0	0	1	0	0	1	0	0	0	1400	2100	2625	3500	"Bone Armor"
8	5	0	10	0	0	0	0	1	0	1	1	0	1	800	1200	1500	2000	"Leather Armor"
8	6	0	18	0	0	0	0	1	0	1	1	0	1	1840	2760	3450	4600	"Scale Armor"
8	7	0	17	0	0	0	1	0	0	1	0	0	0	2200	3300	4125	5500	"Sphinx Armor"
8	8	0	22	0	0	0	0	1	0	1	0	0	1	2400	3600	4500	6000	"Brass Armor"
8	9	0	30	0	0	0	0	1	0	1	0	0	1	3120	4680	5850	7800	"Plate Armor"
8	10	0	8	0	0	0	0	0	1	0	0	0	0	720	1080	1350	1800	"Vine Armor"
8	11	0	12	0	0	0	0	0	1	0	0	0	0	1280	1920	2400	3200	"Silk Armor"
8	12	0	16	0	0	0	0	0	1	0	0	0	0	1920	2880	3600	4800	"Wind Armor"
8	13	0	21	0	0	0	0	0	1	0	0	0	0	2600	3900	4875	6500	"Spirit Armor"
8	14	0	29	0	0	0	0	0	1	0	0	0	0	3440	5160	6450	8600	"Guardian Armor"
8	15	0	44	0	0	0	0	0	0	1	0	0	0	4960	7440	9300	12400	"Storm Crow Armor"
8	16	0	48	0	0	0	0	1	0	0	0	0	0	5520	8280	10350	13800	"Black Dragon Armor"
8	17	0	63	0	0	0	0	2	0	0	0	0	0	6520	9780	12225	16300	"Dark Phoenix Armor"
8	18	0	33	0	0	0	2	0	0	0	0	0	0	4960	7440	9300	12400	"Grand Soul Armor"
8	19	0	44	0	0	0	0	0	2	0	0	0	0	5440	8160	10200	13600	"Divine Armor"
8	20	0	60	0	0	0	0	0	0	1	0	0	0	6680	10020	12525	16700	"Thunder Hawk Armor"
8	21	0	75	0	0	0	0	2	0	0	0	0	0	8040	12060	15075	20100	"Great Dragon Armor"
8	22	0	43	0	0	0	2	0	0	0	0	0	0	6600	9900	12375	16500	"Dark Soul Armor"
8	23	0	73	0	0	0	0	0	0	1	0	0	0	8040	12060	15075	20100	"Hurricane Armor"
8	24	0	55	0	0	0	0	0	2	0	0	0	0	6560	9840	12300	16400	"Red Sprit Armor"
8	25	0	25	0	0	0	0	0	0	0	1	0	0	3480	5220	6525	8700	"Light Plate Armor"
8	26	0	36	0	0	0	0	0	0	0	1	0	0	4560	6840	8550	11400	"Adamantine Armor"
8	27	0	43	0	0	0	0	0	0	0	1	0	0	5560	8340	10425	13900	"Dark Steel Armor"
8	28	0	51	0	0	0	0	0	0	0	1	0	0	6720	10080	12600	16800	"Dark Master Armor"
8	29	0	88	0	0	0	0	2	0	0	0	0	0	9120	13680	17100	22800	"Dragon Knight Armor"
8	30	0	57	0	0	0	2	0	0	0	0	0	0	8120	12180	15225	20300	"Venom Mist Armor"
8	31	0	68	0	0	0	0	0	2	0	0	0	0	8560	12840	16050	21400	"Sylphid Ray Armor"
8	32	0	86	0	0	0	0	0	0	1	0	0	0	9320	13980	17475	23300	"Volcano Armor"
8	33	0	64	0	0	0	0	0	0	0	1	0	0	8440	12660	15825	21100	"Sunlight Armor"
8	34	0	42	0	0	0	0	1	0	0	0	0	0	4680	7020	8775	11700	"Ashcrow Armor"
8	35	0	27	0	0	0	1	0	0	0	0	0	0	4080	6120	7650	10200	"Eclipse Armor"
8	36	0	36	0	0	0	0	0	1	0	0	0	0	4440	6660	8325	11100	"Iris Armor"
8	37	0	52	0	0	0	0	0	0	1	0	0	0	6280	9420	11775	15700	"Valiant Armor"
8	38	0	47	0	0	0	0	0	0	0	1	0	0	6080	9120	11400	15200	"Glorious Armor"
8	39	0	22	0	0	0	0	0	0	0	0	1	0	2240	3360	4200	5600	"Mistery Armor"
8	40	0	28	0	0	0	0	0	0	0	0	1	0	3360	5040	6300	8400	"Red Wing Armor"
8	41	0	35	0	0	0	0	0	0	0	0	1	0	4400	6600	8250	11000	"Ancient Armor"
8	42	0	45	0	0	0	0	0	0	0	0	2	0	5440	8160	10200	13600	"Black Rose Armor"
8	43	0	56	0	0	0	0	0	0	0	0	2	0	7120	10680	13350	17800	"Aura Armor"
8	44	0	71	0	0	0	0	0	0	0	0	2	0	7360	11040	13800	18400	"Lilium Armor"
8	45	0	81	0	0	0	0	1	0	0	0	0	0	8520	12780	15975	21300	"Titan Armor"
8	46	0	62	0	0	0	0	1	0	0	0	0	0	7600	11400	14250	19000	"Brave Armor"
8	47	0	80	0	0	0	0	0	0	1	0	0	0	8440	12660	15825	21100	"Destory Armor"
8	48	0	66	0	0	0	0	0	0	1	0	0	0	7640	11460	14325	19100	"Phantom Armor"
8	49	0	60	0	0	0	0	0	1	0	0	0	0	7560	11340	14175	18900	"Seraphim Armor"
8	50	0	52	0	0	0	0	0	1	0	0	0	0	6960	10440	13050	17400	"Faith Armor"
8	51	0	58	0	0	0	0	0	0	0	1	0	0	7600	11400	14250	19000	"Paewang Armor"
8	52	0	50	0	0	0	1	0	0	0	0	0	0	7160	10740	13425	17900	"Hades Armor"
8	53	0	80	0	0	0	0	0	0	0	0	3	0	8440	12660	15825	21100	"Queen Armor"
8	59	0	43	0	0	0	0	0	0	0	0	0	1	4360	6540	8175	10900	"Sacred Armor"
8	60	0	51	0	0	0	0	0	0	0	0	0	1	5320	7980	9975	13300	"Storm Hard Armor"
8	61	0	59	0	0	0	0	0	0	0	0	0	1	6400	9600	12000	16000	"Piercing Armor"
8	62	0	21	0	0	0	0	1	0	1	1	0	1	1960	2940	3675	4900	"Scale Armor"
8	63	0	14	0	0	0	0	0	1	0	0	0	0	1360	2040	2550	3400	"Silk Armor"
8	64	0	19	0	0	0	1	0	0	1	0	0	0	2280	3420	4275	5700	"Sphinx Armor"
8	65	0	26	0	0	0	0	0	0	0	0	1	0	2400	3600	4500	6000	"Wind Armor"
8	66	0	39	0	0	0	0	0	0	0	1	0	0	4680	7020	8775	11700	"Dark Soul Armor"
8	67	0	42	0	0	0	0	1	0	1	0	0	0	4040	6060	7575	10100	"Dragon Armor"
8	68	0	29	0	0	0	0	0	1	0	0	0	0	3440	5160	6450	8600	"SU Armor"
8	69	0	24	0	0	0	1	0	0	1	0	0	0	3200	4800	6000	8000	"Legendary Armor"
8	70	0	31	0	0	0	0	0	0	0	0	1	0	3480	5220	6525	8700	"Red Wing Armor"
8	71	0	47	0	0	0	0	0	0	1	0	0	0	5080	7620	9525	12700	"Atlantis Armor"
8	72	0	43	0	0	0	0	0	0	0	0	0	1	5000	7500	9375	12500	"Storm Hard Armor"
8	73	0	78	0	0	0	0	0	0	0	0	0	1	8840	13260	16575	22100	"Phoenix Soul Armor"
9	0	0	10	0	0	0	0	1	0	1	1	0	0	1000	1500	1875	2500	"Bronze Pants"
9	1	0	26	0	0	0	0	1	0	1	0	0	0	3240	4860	6075	8100	"Dragon Pants"
9	2	0	5	0	0	0	1	0	0	1	0	0	0	520	780	975	1300	"Pad Pants"
9	3	0	20	0	0	0	1	0	0	1	0	0	0	2920	4380	5475	7300	"Legendary Pants"
9	4	0	10	0	0	0	1	0	0	1	0	0	0	1200	1800	2250	3000	"Bone Pants"
9	5	0	7	0	0	0	0	1	0	1	1	0	1	600	900	1125	1500	"Leather Pants"
9	6	0	14	0	0	0	0	1	0	1	1	0	1	1560	2340	2925	3900	"Scale Pants"
9	7	0	15	0	0	0	1	0	0	1	0	0	0	1960	2940	3675	4900	"Sphinx Pants"
9	8	0	18	0	0	0	0	1	0	1	0	0	1	2120	3180	3975	5300	"Brass Pants"
9	9	0	22	0	0	0	0	1	0	1	0	0	1	2680	4020	5025	6700	"Plate Pants"
9	10	0	6	0	0	0	0	0	1	0	0	0	0	560	840	1050	1400	"Vine Pants"
9	11	0	10	0	0	0	0	0	1	0	0	0	0	1120	1680	2100	2800	"Silk Pants"
9	12	0	14	0	0	0	0	0	1	0	0	0	0	1760	2640	3300	4400	"Wind Pants"
9	13	0	18	0	0	0	0	0	1	0	0	0	0	2400	3600	4500	6000	"Spirit Pants"
9	14	0	25	0	0	0	0	0	1	0	0	0	0	3160	4740	5925	7900	"Guardian Pants"
9	15	0	34	0	0	0	0	0	0	1	0	0	0	4320	6480	8100	10800	"Storm Crow Pants"
9	16	0	40	0	0	0	0	1	0	0	0	0	0	4960	7440	9300	12400	"Black Dragon Pants"
9	17	0	54	0	0	0	0	2	0	0	0	0	0	6000	9000	11250	15000	"Dark Phoenix Pants"
9	18	0	30	0	0	0	2	0	0	0	0	0	0	4640	6960	8700	11600	"Grand Soul Pants"
9	19	0	39	0	0	0	0	0	2	0	0	0	0	5080	7620	9525	12700	"Divine Pants"
9	20	0	49	0	0	0	0	0	0	1	0	0	0	5920	8880	11100	14800	"Thunder Hawk Pants"
9	21	0	65	0	0	0	0	2	0	0	0	0	0	7120	10680	13350	17800	"Great Dragon Pants"
9	22	0	39	0	0	0	2	0	0	0	0	0	0	6240	9360	11700	15600	"Dark Soul Pants"
9	23	0	61	0	0	0	0	0	0	1	0	0	0	7320	10980	13725	18300	"Hurricane Pants"
9	24	0	48	0	0	0	0	0	2	0	0	0	0	5920	8880	11100	14800	"Red Spirit Pants"
9	25	0	21	0	0	0	0	0	0	0	1	0	0	2840	4260	5325	7100	"Light Plate Pants"
9	26	0	26	0	0	0	0	0	0	0	1	0	0	3840	5760	7200	9600	"Adamantine Pants"
9	27	0	31	0	0	0	0	0	0	0	1	0	0	4920	7380	9225	12300	"Dark Steel Pants"
9	28	0	39	0	0	0	0	0	0	0	1	0	0	5960	8940	11175	14900	"Dark Master Pants"
9	29	0	78	0	0	0	0	2	0	0	0	0	0	8480	12720	15900	21200	"Dragon Knight Pants"
9	30	0	55	0	0	0	2	0	0	0	0	0	0	7600	11400	14250	19000	"Venom Mist Pants"
9	31	0	61	0	0	0	0	0	2	0	0	0	0	7840	11760	14700	19600	"Sylphid Ray Pants"
9	32	0	74	0	0	0	0	0	0	1	0	0	0	8360	12540	15675	20900	"Volcano Pants"
9	33	0	52	0	0	0	0	0	0	0	1	0	0	7680	11520	14400	19200	"Sunlight Pants"
9	34	0	33	0	0	0	0	1	0	0	0	0	0	4080	6120	7650	10200	"Ashcrow Pants"
9	35	0	25	0	0	0	1	0	0	0	0	0	0	3760	5640	7050	9400	"Eclipse Pants"
9	36	0	32	0	0	0	0	0	1	0	0	0	0	4040	6060	7575	10100	"Iris Pants"
9	37	0	41	0	0	0	0	0	0	1	0	0	0	5680	8520	10650	14200	"Valiant Pants"
9	38	0	35	0	0	0	0	0	0	0	1	0	0	5440	8160	10200	13600	"Glorious Pants"
9	39	0	16	0	0	0	0	0	0	0	0	1	0	1840	2760	3450	4600	"Mistery Pants"
9	40	0	22	0	0	0	0	0	0	0	0	1	0	3000	4500	5625	7500	"Red Wing Pants"
9	41	0	28	0	0	0	0	0	0	0	0	1	0	4000	6000	7500	10000	"Ancient Pants"
9	42	0	37	0	0	0	0	0	0	0	0	2	0	4920	7380	9225	12300	"Black Rose Pants"
9	43	0	49	0	0	0	0	0	0	0	0	2	0	6640	9960	12450	16600	"Aura Pants"
9	44	0	52	0	0	0	0	0	0	0	0	2	0	6160	9240	11550	15400	"Lilium Pants"
9	45	0	74	0	0	0	0	1	0	0	0	0	0	7600	11400	14250	19000	"Titan Pants"
9	46	0	58	0	0	0	0	1	0	0	0	0	0	6800	10200	12750	17000	"Brave Pants"
9	47	0	66	0	0	0	0	0	0	1	0	0	0	7240	10860	13575	18100	"Destory Pants"
9	48	0	51	0	0	0	0	0	0	1	0	0	0	6560	9840	12300	16400	"Phantom Pants"
9	49	0	53	0	0	0	0	0	1	0	0	0	0	6760	10140	12675	16900	"Seraphim Pants"
9	50	0	46	0	0	0	0	0	1	0	0	0	0	6200	9300	11625	15500	"Faith Pants"
9	51	0	46	0	0	0	0	0	0	0	1	0	0	6480	9720	12150	16200	"Paewang Pants"
9	52	0	44	0	0	0	1	0	0	0	0	0	0	6320	9480	11850	15800	"Hades Pants"
9	53	0	80	0	0	0	0	0	0	0	0	3	0	7800	11700	14625	19500	"Queen pants"
9	59	0	33	0	0	0	0	0	0	0	0	0	1	3800	5700	7125	9500	"Sacred Pants"
9	60	0	41	0	0	0	0	0	0	0	0	0	1	4760	7140	8925	11900	"Storm Hard Pants"
9	61	0	49	0	0	0	0	0	0	0	0	0	1	5760	8640	10800	14400	"Piercing Pants"
9	62	0	18	0	0	0	0	1	0	1	1	0	1	1720	2580	3225	4300	"Scale Pants"
9	63	0	13	0	0	0	0	0	1	0	0	0	0	1240	1860	2325	3100	"Silk Pants"
9	64	0	19	0	0	0	1	0	0	1	0	0	0	2120	3180	3975	5300	"Sphinx Pants"
9	65	0	20	0	0	0	0	0	0	0	0	1	0	2000	3000	3750	5000	"Wind Pants"
9	66	0	31	0	0	0	0	0	0	0	1	0	0	4040	6060	7575	10100	"Dark Soul Pants"
9	67	0	28	0	0	0	0	1	0	1	0	0	0	3320	4980	6225	8300	"Dragon Pants"
9	68	0	30	0	0	0	0	0	1	0	0	0	0	3360	5040	6300	8400	"SU Pants"
9	69	0	25	0	0	0	1	0	0	1	0	0	0	3120	4680	5850	7800	"Legendary Pants"
9	70	0	26	0	0	0	0	0	0	0	0	1	0	3160	4740	5925	7900	"Red Wing Pants"
9	71	0	39	0	0	0	0	0	0	1	0	0	0	4520	6780	8475	11300	"Atlantis Pants"
9	72	0	33	0	0	0	0	0	0	0	0	0	1	4440	6660	8325	11100	"Storm Hard Pants"
9	73	0	68	0	0	0	0	0	0	0	0	0	1	8080	12120	15150	20200	"Phoenix Soul Pants"
10	0	0	4	0	0	0	0	1	0	1	1	0	0	680	1020	1275	1700	"Bronze Gloves"
10	1	0	14	0	0	0	0	1	0	1	0	0	0	2640	3960	4950	6600	"Dragon Gloves"
10	2	0	2	0	0	0	1	0	0	1	0	0	0	200	300	375	500	"Pad Gloves"
10	3	0	11	0	0	0	1	0	0	1	0	0	0	2200	3300	4125	5500	"Legendary Gloves"
10	4	0	5	0	0	0	1	0	0	1	0	0	0	760	1140	1425	1900	"Bone Gloves"
10	5	0	2	0	0	0	0	1	0	1	1	0	0	240	360	450	600	"Leather Gloves"
10	6	0	7	0	0	0	0	1	0	1	1	0	0	1160	1740	2175	2900	"Scale Gloves"
10	7	0	8	0	0	0	1	0	0	1	0	0	0	1440	2160	2700	3600	"Sphinx Gloves"
10	8	0	9	0	0	0	0	1	0	1	0	0	0	1640	2460	3075	4100	"Brass Gloves"
10	9	0	12	0	0	0	0	1	0	1	0	0	0	2160	3240	4050	5400	"Plate Gloves"
10	10	0	2	0	0	0	0	0	1	0	0	0	0	240	360	450	600	"Vine Gloves"
10	11	0	4	0	0	0	0	0	1	0	0	0	0	720	1080	1350	1800	"Silk Gloves"
10	12	0	6	0	0	0	0	0	1	0	0	0	0	1280	1920	2400	3200	"Wind Gloves"
10	13	0	9	0	0	0	0	0	1	0	0	0	0	1880	2820	3525	4700	"Spirit Gloves"
10	14	0	15	0	0	0	0	0	1	0	0	0	0	2600	3900	4875	6500	"Guardian Gloves"
10	15	0	20	0	0	0	0	0	0	1	0	0	0	3600	5400	6750	9000	"Storm Crow Gloves"
10	16	0	22	0	0	0	0	1	0	0	0	0	0	3920	5880	7350	9800	"Black Dragon Gloves"
10	17	0	37	0	0	0	0	2	0	0	0	0	0	4920	7380	9225	12300	"Dark Phoenix Gloves"
10	18	0	20	0	0	0	2	0	0	0	0	0	0	3600	5400	6750	9000	"Grand Soul Gloves"
10	19	0	29	0	0	0	0	0	2	0	0	0	0	4040	6060	7575	10100	"Divine Gloves"
10	20	0	34	0	0	0	0	0	0	1	0	0	0	4880	7320	9150	12200	"Thunder Hawk Gloves"
10	21	0	48	0	0	0	0	2	0	0	0	0	0	5680	8520	10650	14200	"Great Dragon Gloves"
10	22	0	30	0	0	0	2	0	0	0	0	0	0	4680	7020	8775	11700	"Dark Soul Gloves"
10	23	0	45	0	0	0	0	0	0	1	0	0	0	5880	8820	11025	14700	"Hurricane Gloves"
10	24	0	38	0	0	0	0	0	2	0	0	0	0	4880	7320	9150	12200	"Red Spirit Gloves"
10	25	0	12	0	0	0	0	0	0	0	1	0	0	2160	3240	4050	5400	"Light Plate Gloves"
10	26	0	18	0	0	0	0	0	0	0	1	0	0	3000	4500	5625	7500	"Adamantine Gloves"
10	27	0	21	0	0	0	0	0	0	0	1	0	0	3840	5760	7200	9600	"Dark Steel Gloves"
10	28	0	29	0	0	0	0	0	0	0	1	0	0	4720	7080	8850	11800	"Dark Master Gloves"
10	29	0	60	0	0	0	0	2	0	0	0	0	0	6960	10440	13050	17400	"Dragon Knight Gloves"
10	30	0	44	0	0	0	2	0	0	0	0	0	0	6200	9300	11625	15500	"Venom Mist Gloves"
10	31	0	50	0	0	0	0	0	2	0	0	0	0	6440	9660	12075	16100	"Sylphid Ray Gloves"
10	32	0	55	0	0	0	0	0	0	1	0	0	0	7280	10920	13650	18200	"Volcano Gloves"
10	33	0	40	0	0	0	0	0	0	0	1	0	0	6000	9000	11250	15000	"Sunlight Gloves"
10	34	0	18	0	0	0	0	1	0	0	0	0	0	3160	4740	5925	7900	"Ashcrow Gloves"
10	35	0	15	0	0	0	1	0	0	0	0	0	0	3040	4560	5700	7600	"Eclipse Gloves"
10	36	0	22	0	0	0	0	0	1	0	0	0	0	3320	4980	6225	8300	"Iris Gloves"
10	37	0	27	0	0	0	0	0	0	1	0	0	0	4720	7080	8850	11800	"Valiant Gloves"
10	38	0	25	0	0	0	0	0	0	0	1	0	0	4640	6960	8700	11600	"Glorious Gloves"
10	39	0	9	0	0	0	0	0	0	0	0	1	0	1320	1980	2475	3300	"Mistery Gloves"
10	40	0	13	0	0	0	0	0	0	0	0	1	0	2280	3420	4275	5700	"Red Wing Gloves"
10	41	0	19	0	0	0	0	0	0	0	0	1	0	3200	4800	6000	8000	"Ancient Gloves"
10	42	0	26	0	0	0	0	0	0	0	0	2	0	3840	5760	7200	9600	"Black Rose Gloves"
10	43	0	34	0	0	0	0	0	0	0	0	2	0	4840	7260	9075	12100	"Aura Gloves"
10	44	0	45	0	0	0	0	0	0	0	0	2	0	5080	7620	9525	12700	"Lilium Gloves"
10	45	0	56	0	0	0	0	1	0	0	0	0	0	6240	9360	11700	15600	"Titan Gloves"
10	46	0	42	0	0	0	0	1	0	0	0	0	0	5560	8340	10425	13900	"Brave Gloves"
10	47	0	49	0	0	0	0	0	0	1	0	0	0	6000	9000	11250	15000	"Destory Gloves"
10	48	0	40	0	0	0	0	0	0	1	0	0	0	5560	8340	10425	13900	"Phantom Gloves"
10	49	0	43	0	0	0	0	0	1	0	0	0	0	5720	8580	10725	14300	"Seraphim Gloves"
10	50	0	36	0	0	0	0	0	1	0	0	0	0	5240	7860	9825	13100	"Faith Gloves"
10	51	0	34	0	0	0	0	0	0	0	1	0	0	5400	8100	10125	13500	"Paewang Gloves"
10	52	0	31	0	0	0	1	0	0	0	0	0	0	5240	7860	9825	13100	"Hades Gloves"
10	53	0	80	0	0	0	0	0	0	0	0	3	0	7120	10680	13350	17800	"Queen Gloves"
10	62	0	10	0	0	0	0	1	0	1	1	0	0	1280	1920	2400	3200	"Scale Gloves"
10	63	0	6	0	0	0	0	0	1	0	0	0	0	800	1200	1500	2000	"Silk Gloves"
10	64	0	12	0	0	0	1	0	0	1	0	0	0	1600	2400	3000	4000	"Sphinx Gloves"
10	65	0	13	0	0	0	0	0	0	0	0	1	0	1480	2220	2775	3700	"Wind Gloves"
10	66	0	20	0	0	0	0	0	0	0	1	0	0	3080	4620	5775	7700	"Dark Soul Gloves"
10	67	0	19	0	0	0	0	1	0	1	0	0	0	2840	4260	5325	7100	"Dragon Gloves"
10	68	0	20	0	0	0	0	0	1	0	0	0	0	2800	4200	5250	7000	"SU Gloves"
10	69	0	16	0	0	0	1	0	0	1	0	0	0	2400	3600	4500	6000	"Legendary Gloves"
10	70	0	18	0	0	0	0	0	0	0	0	1	0	2480	3720	4650	6200	"Red Wing Gloves"
10	71	0	25	0	0	0	0	0	0	1	0	0	0	3800	5700	7125	9500	"Atlantis Gloves"
11	0	0	4	0	0	0	0	1	0	1	1	0	0	640	960	1200	1600	"Bronze Boots"
11	1	0	15	0	0	0	0	1	0	1	0	0	0	2760	4140	5175	6900	"Dragon Boots"
11	2	0	3	0	0	0	1	0	0	1	0	0	0	280	420	525	700	"Pad Boots"
11	3	0	12	0	0	0	1	0	0	1	0	0	0	2320	3480	4350	5800	"Legendary Boots"
11	4	0	6	0	0	0	1	0	0	1	0	0	0	880	1320	1650	2200	"Bone Boots"
11	5	0	2	0	0	0	0	1	0	1	1	0	1	280	420	525	700	"Leather Boots"
11	6	0	8	0	0	0	0	1	0	1	1	0	1	1200	1800	2250	3000	"Scale Boots"
11	7	0	9	0	0	0	1	0	0	1	0	0	0	1560	2340	2925	3900	"Sphinx Boots"
11	8	0	10	0	0	0	0	1	0	1	0	0	1	1680	2520	3150	4200	"Brass Boots"
11	9	0	12	0	0	0	0	1	0	1	0	0	1	2160	3240	4050	5400	"Plate Boots"
11	10	0	2	0	0	0	0	0	1	0	0	0	0	280	420	525	700	"Vine Boots"
11	11	0	4	0	0	0	0	0	1	0	0	0	0	760	1140	1425	1900	"Silk Boots"
11	12	0	7	0	0	0	0	0	1	0	0	0	0	1360	2040	2550	3400	"Wind Boots"
11	13	0	10	0	0	0	0	0	1	0	0	0	0	2000	3000	3750	5000	"Spirit Boots"
11	14	0	16	0	0	0	0	0	1	0	0	0	0	2720	4080	5100	6800	"Guardian Boots"
11	15	0	22	0	0	0	0	0	0	1	0	0	0	3760	5640	7050	9400	"Storm Crow Boots"
11	16	0	24	0	0	0	0	1	0	0	0	0	0	4080	6120	7650	10200	"Black Dragon Boots"
11	17	0	40	0	0	0	0	2	0	0	0	0	0	5320	7980	9975	13300	"Dark Phoenix Boots"
11	18	0	22	0	0	0	2	0	0	0	0	0	0	3920	5880	7350	9800	"Grand Soul Boots"
11	19	0	30	0	0	0	0	0	2	0	0	0	0	4440	6660	8325	11100	"Divine Boots"
11	20	0	37	0	0	0	0	0	0	1	0	0	0	5160	7740	9675	12900	"Thunder Hawk Boots"
11	21	0	50	0	0	0	0	2	0	0	0	0	0	5920	8880	11100	14800	"Great Dragon Boots"
11	22	0	31	0	0	0	2	0	0	0	0	0	0	5040	7560	9450	12600	"Dark Soul Boots"
11	23	0	50	0	0	0	0	0	0	1	0	0	0	6400	9600	12000	16000	"Hurricane Boots"
11	24	0	40	0	0	0	0	0	2	0	0	0	0	5080	7620	9525	12700	"Red Spirit Boots"
11	25	0	13	0	0	0	0	0	0	0	1	0	0	2320	3480	4350	5800	"Light Plate Boots"
11	26	0	20	0	0	0	0	0	0	0	1	0	0	3200	4800	6000	8000	"Adamantine Boots"
11	27	0	25	0	0	0	0	0	0	0	1	0	0	4320	6480	8100	10800	"Dark Steel Boots"
11	28	0	33	0	0	0	0	0	0	0	1	0	0	5120	7680	9600	12800	"Dark Master Boots"
11	29	0	63	0	0	0	0	2	0	0	0	0	0	7280	10920	13650	18200	"Dragon Knight Boots"
11	30	0	47	0	0	0	2	0	0	0	0	0	0	6640	9960	12450	16600	"Venom Mist Boots"
11	31	0	53	0	0	0	0	0	2	0	0	0	0	6880	10320	12900	17200	"Sylphid Ray Boots"
11	32	0	61	0	0	0	0	0	0	1	0	0	0	7680	11520	14400	19200	"Volcano Boots"
11	33	0	44	0	0	0	0	0	0	0	1	0	0	6600	9900	12375	16500	"Sunlight Boots"
11	34	0	19	0	0	0	0	1	0	0	0	0	0	3480	5220	6525	8700	"Ashcrow Boots"
11	35	0	17	0	0	0	1	0	0	0	0	0	0	3400	5100	6375	8500	"Eclipse Boots"
11	36	0	23	0	0	0	0	0	1	0	0	0	0	3640	5460	6825	9100	"Iris Boots"
11	37	0	29	0	0	0	0	0	0	1	0	0	0	5080	7620	9525	12700	"Valiant Boots"
11	38	0	29	0	0	0	0	0	0	0	1	0	0	5080	7620	9525	12700	"Glorious Boots"
11	39	0	11	0	0	0	0	0	0	0	0	1	0	1480	2220	2775	3700	"Mistery Boots"
11	40	0	15	0	0	0	0	0	0	0	0	1	0	2440	3660	4575	6100	"Red Wing Boots"
11	41	0	21	0	0	0	0	0	0	0	0	1	0	3440	5160	6450	8600	"Ancient Boots"
11	42	0	28	0	0	0	0	0	0	0	0	2	0	4160	6240	7800	10400	"Black Rose Boots"
11	43	0	38	0	0	0	0	0	0	0	0	2	0	5320	7980	9975	13300	"Aura Boots"
11	44	0	50	0	0	0	0	0	0	0	0	2	0	5600	8400	10500	14000	"Lilium Boots"
11	45	0	57	0	0	0	0	1	0	0	0	0	0	6120	9180	11475	15300	"Titan Boots"
11	46	0	45	0	0	0	0	1	0	0	0	0	0	5520	8280	10350	13800	"Brave Boots"
11	47	0	54	0	0	0	0	0	0	1	0	0	0	6040	9060	11325	15100	"Destory Boots"
11	48	0	44	0	0	0	0	0	0	1	0	0	0	5520	8280	10350	13800	"Phantom Boots"
11	49	0	42	0	0	0	0	0	1	0	0	0	0	5560	8340	10425	13900	"Seraphim Boots"
11	50	0	35	0	0	0	0	0	1	0	0	0	0	5080	7620	9525	12700	"Faith Boots"
11	51	0	38	0	0	0	0	0	0	0	1	0	0	5440	8160	10200	13600	"Phaewang Boots"
11	52	0	34	0	0	0	1	0	0	0	0	0	0	5120	7680	9600	12800	"Hades Boots"
11	53	0	80	0	0	0	0	0	0	0	0	3	0	7080	10620	13275	17700	"Queen Boots"
11	59	0	20	0	0	0	0	0	0	0	0	0	1	2800	4200	5250	7000	"Sacred Boots"
11	60	0	28	0	0	0	0	0	0	0	0	0	1	3600	5400	6750	9000	"Storm Hard Boots"
11	61	0	36	0	0	0	0	0	0	0	0	0	1	4720	7080	8850	11800	"Piercing Boots"
11	62	0	12	0	0	0	0	1	0	1	1	0	1	1360	2040	2550	3400	"Scale Boots"
11	63	0	7	0	0	0	0	0	1	0	0	0	0	880	1320	1650	2200	"Silk Boots"
11	64	0	13	0	0	0	1	0	0	1	0	0	0	1720	2580	3225	4300	"Sphinx Boots"
11	65	0	15	0	0	0	0	0	0	0	0	1	0	1640	2460	3075	4100	"Wind Boots"
11	66	0	25	0	0	0	0	0	0	0	1	0	0	3400	5100	6375	8500	"Dark Soul Boots"
11	67	0	20	0	0	0	0	1	0	1	0	0	0	2960	4440	5550	7400	"Dragon Boots"
11	68	0	23	0	0	0	0	0	1	0	0	0	0	3000	4500	5625	7500	"SU Boots"
11	69	0	17	0	0	0	1	0	0	1	0	0	0	2520	3780	4725	6300	"Legendary Boots"
11	70	0	17	0	0	0	0	0	0	0	0	1	0	2520	3780	4725	6300	"Red Wing Boots"
11	71	0	27	0	0	0	0	0	0	1	0	0	0	3960	5940	7425	9900	"Atlantis Boots"
11	72	0	20	0	0	0	0	0	0	0	0	0	1	3280	4920	6150	8200	"Storm Hard Boots"
11	73	0	57	0	0	0	0	0	0	0	0	0	1	7040	10560	13200	17600	"Phoenix Soul Boots"
12	0	0	10	0	0	0	0	0	1	0	0	0	0	4400	6600	8250	11000	"Wings of Elf"
12	1	0	10	0	0	0	1	0	0	1	0	0	0	4400	6600	8250	11000	"Wings of Heaven"
12	2	0	20	0	0	0	0	1	0	1	0	0	0	4800	7200	9000	12000	"Wings of Satan"
12	3	0	30	0	0	0	0	0	2	0	0	0	0	7200	10800	13500	18000	"Wings of Spirits"
12	4	0	30	0	0	0	2	0	0	0	0	0	0	7200	10800	13500	18000	"Wings of Soul"
12	5	0	45	0	0	0	0	2	0	0	0	0	0	7800	11700	14625	19500	"Wings of Dragon"
12	6	0	40	0	0	0	0	0	0	1	0	0	0	7600	11400	14250	19000	"Wings of Darkness"
12	36	0	60	0	0	0	0	3	0	0	0	0	0	8400	12600	15750	21000	"Wing of Storm"
12	37	0	45	0	0	0	3	0	0	0	0	0	0	7800	11700	14625	19500	"Wing of Vortex"
12	38	0	45	0	0	0	0	0	3	0	0	0	0	7800	11700	14625	19500	"Wing of Illusion"
12	39	0	55	0	0	0	0	0	0	3	0	0	0	8200	12300	15375	20500	"Wing of Doom"
12	40	0	45	0	0	0	0	0	0	0	3	0	0	7800	11700	14625	19500	"Mantle of Monarch"
12	41	0	10	0	0	0	0	0	0	0	0	1	0	4400	6600	8250	11000	"Wing of Mistery"
12	42	0	30	0	0	0	0	0	0	0	0	2	0	7200	10800	13500	18000	"Wing of Despair"
12	43	0	45	0	0	0	0	0	0	0	0	3	0	7800	11700	14625	19500	"Wing of Violent Wind"
12	200	0	60	0	0	0	1	1	1	1	1	1	1	8400	12600	15750	21000	"Wing of Archangel"
13	8	0	0	0	0	0	1	1	1	1	1	1	0	800	1200	1500	2000	"Ring of Ice"
13	9	0	0	0	0	0	1	1	1	1	1	1	1	680	1020	1275	1700	"Ring of Poison"
13	12	0	0	0	0	0	1	1	1	1	1	1	1	840	1260	1575	2100	"Pendant of Lightning"
13	13	0	0	0	0	0	1	1	1	1	1	1	1	520	780	975	1300	"Pendant of Fire"
13	21	0	0	0	0	0	1	1	1	1	1	1	1	1200	1800	2250	3000	"Ring of Fire"
13	22	0	0	0	0	0	1	1	1	1	1	1	1	1520	2280	2850	3800	"Ring of Earth"
13	23	0	0	0	0	0	1	1	1	1	1	1	1	1760	2640	3300	4400	"Ring of Wind"
13	24	0	0	0	0	0	1	1	1	1	1	1	1	1880	2820	3525	4700	"Ring of Magic"
13	25	0	0	0	0	0	1	1	1	1	1	1	1	1360	2040	2550	3400	"Pendant of Ice"
13	26	0	0	0	0	0	1	1	1	1	1	1	1	1680	2520	3150	4200	"Pendant of Wind"
13	27	0	0	0	0	0	1	1	1	1	1	1	1	1840	2760	3450	4600	"Pendant of Water"
13	28	0	0	0	0	0	1	1	1	1	1	1	1	2000	3000	3750	5000	"Pendant of Ability"
13	30	0	0	0	0	0	0	0	0	0	1	0	0	7200	10800	13500	18000	"Cape of Lord"
end
